x<-c(1:5)
x
